name: selenium
channels:
  - jmcmurray
  - conda-forge
  - defaults
dependencies:
  - async_generator=1.10=py_0
  - attrs=21.4.0=pyhd8ed1ab_0
  - brotlipy=0.7.0=py310he2412df_1003
  - bzip2=1.0.8=h8ffe710_4
  - ca-certificates=2022.2.1=haa95532_0
  - certifi=2021.10.8=py310h5588dad_1
  - cffi=1.15.0=py310hcbf9ad4_0
  - cryptography=36.0.1=py310ha857299_0
  - h11=0.13.0=pyhd8ed1ab_0
  - idna=3.3=pyhd8ed1ab_0
  - libffi=3.4.2=h8ffe710_5
  - libzlib=1.2.11=h8ffe710_1013
  - openssl=1.1.1m=h2bbff1b_0
  - os=0.1.4=0
  - outcome=1.1.0=pyhd8ed1ab_0
  - pip=22.0.4=pyhd8ed1ab_0
  - pycparser=2.21=pyhd8ed1ab_0
  - pyopenssl=22.0.0=pyhd8ed1ab_0
  - pysocks=1.7.1=py310h5588dad_4
  - python=3.10.2=h9a09f29_4_cpython
  - python_abi=3.10=2_cp310
  - qutil=3.2.1=6
  - selenium=4.1.0=pyhd8ed1ab_0
  - setuptools=60.9.3=py310h5588dad_0
  - sniffio=1.2.0=py310h5588dad_2
  - sortedcontainers=2.4.0=pyhd8ed1ab_0
  - sqlite=3.37.0=h8ffe710_0
  - tk=8.6.12=h8ffe710_0
  - trio=0.20.0=py310h5588dad_0
  - trio-websocket=0.9.2=pyhd8ed1ab_0
  - tzdata=2021e=he74cb21_0
  - ucrt=10.0.20348.0=h57928b3_0
  - urllib3=1.26.8=pyhd8ed1ab_1
  - vc=14.2=hb210afc_6
  - vs2015_runtime=14.29.30037=h902a5da_6
  - wheel=0.37.1=pyhd8ed1ab_0
  - win_inet_pton=1.1.0=py310h5588dad_3
  - wsproto=1.1.0=py310h5588dad_0
  - xz=5.2.5=h62dcd97_1
prefix: D:\anaconda3\envs\selenium
